<!doctype html>
<html lang="en">

<head>
    <meta charset="utf-8">
    <title>Corporate Rates Club</title>
    <base href="/">

    <!--VH fix-->
    <meta name="viewport"
        content="height=device-height, width=device-width, initial-scale=1, minimum-scale=1, maximum-scale=1, viewport-fit=cover">
    <meta http-equiv="cache-control" content="public" max-age="86400">
    <link rel="apple-touch-icon" sizes="180x180" href="/assets/fav/apple-touch-icon.png">
    <link rel="icon" type="image/png" sizes="32x32" href="/assets/fav/favicon-32x32.png">
    <link rel="icon" type="image/png" sizes="16x16" href="/assets/fav/favicon-16x16.png">
    <link rel="manifest" href="/assets/fav/site.webmanifest">
    <link rel="mask-icon" href="/assets/fav/safari-pinned-tab.svg" color="#003973">
    <link rel="shortcut icon" href="/assets/fav/favicon.ico?v=2">
    <meta name="msapplication-TileColor" content="#003973">
    <meta name="msapplication-config" content="/assets/fav/browserconfig.xml">
    <meta name="theme-color" content="#ffffff">
    <link rel="stylesheet" href="/assets/scss/loading-app.css">

<link rel="stylesheet" href="styles.c317a5ef6ba4e305f903.css"></head>

<body>
    <app-root>

        <div id="loading-app" style="visibility: hidden">
            <div class="branding">
                <svg xmlns="http://www.w3.org/2000/svg" width="240px" version="1.1" viewBox="0 0 18000 8100"
                    xmlns:xlink="http://www.w3.org/1999/xlink">
                    <path class="c1"
                        d="M6686 3008c0,-1044 -846,-1890 -1890,-1890 -1044,0 -1890,846 -1890,1890 0,1043 846,1890 1890,1890 1044,0 1890,-847 1890,-1890zm-627 -481l-427 0c-82,-163 -339,-470 -783,-474 -537,0 -913,440 -913,951 0,525 383,958 916,958 489,0 725,-368 780,-460l424 0c-158,460 -626,814 -1200,814 -763,0 -1323,-596 -1323,-1312 0,-692 536,-1305 1319,-1305 680,3 1084,480 1207,828z" />
                    <path class="c2"
                        d="M10871 3008c0,-1044 -846,-1890 -1890,-1890 -1044,0 -1890,846 -1890,1890 0,1043 846,1890 1890,1890 1044,0 1890,-847 1890,-1890zm-953 -428c0,175 -51,343 -144,475 -129,178 -294,239 -488,272l594 926 -427 0 -694 -1124 89 0c174,0 386,-7 506,-108 116,-101 174,-246 174,-407 0,-169 -82,-334 -215,-421 -109,-67 -250,-81 -431,-81l-345 0 0 2141 -404 0 0 -2491 715 0c397,0 602,54 735,145 209,134 335,394 335,673z" />
                    <path class="c3"
                        d="M15056 3008c0,-1044 -846,-1890 -1890,-1890 -1044,0 -1890,846 -1890,1890 0,1043 846,1890 1890,1890 1044,0 1890,-847 1890,-1890zm-627 -481l-427 0c-82,-163 -339,-470 -783,-474 -537,0 -913,440 -913,951 0,525 383,958 916,958 489,0 725,-368 780,-460l424 0c-158,460 -626,814 -1200,814 -763,0 -1324,-596 -1324,-1312 0,-692 537,-1305 1320,-1305 680,3 1084,480 1207,828z" />
                    <path class="name"
                        d="M1828 6653c-20,34 -106,168 -284,168 -194,0 -333,-158 -333,-350 0,-186 137,-346 332,-346 162,1 255,113 285,172l155 0c-45,-126 -191,-300 -439,-302 -285,0 -480,224 -480,476 0,262 204,479 481,479 209,0 380,-129 437,-297l-154 0zm305 -174c0,254 203,471 480,471 276,0 484,-212 484,-477 0,-265 -208,-478 -482,-478 -259,0 -482,193 -482,483l0 1zm146 -8c0,-185 137,-346 337,-346 201,0 334,169 334,349 0,179 -133,347 -333,347 -196,0 -338,-157 -338,-348l0 -2zm1011 462l146 0 0 -791 126 0c66,0 117,5 157,30 48,32 78,93 78,155 0,60 -21,113 -63,151 -44,37 -121,39 -184,39l-33 0 253 416 155 0 -216 -342c71,-13 130,-35 178,-101 33,-48 52,-111 52,-175 0,-103 -46,-199 -122,-249 -49,-33 -123,-53 -267,-53l-260 0 0 920zm819 -920l0 920 147 0 0 -337 129 0c127,0 189,-20 251,-69 57,-46 96,-138 96,-226 0,-88 -37,-176 -102,-226 -55,-44 -116,-62 -259,-62l-262 0zm147 129l122 0c61,0 105,5 146,30 39,22 68,69 68,132 0,62 -29,110 -66,131 -40,25 -85,32 -143,32l-127 0 0 -325zm600 337c0,254 203,471 480,471 276,0 484,-212 484,-477 0,-265 -208,-478 -482,-478 -259,0 -482,193 -482,483l0 1zm146 -8c0,-185 137,-346 337,-346 201,0 334,169 334,349 0,179 -133,347 -333,347 -196,0 -338,-157 -338,-348l0 -2zm1011 462l146 0 0 -791 126 0c66,0 117,5 157,30 48,32 78,93 78,155 0,60 -21,113 -64,151 -43,37 -120,39 -184,39l-32 0 253 416 155 0 -216 -342c70,-13 130,-35 177,-101 34,-48 53,-111 53,-175 0,-103 -46,-199 -122,-249 -49,-33 -123,-53 -268,-53l-259 0 0 920zm989 -218l393 0 87 218 159 0 -371 -920 -133 0 -378 920 159 0 84 -218zm353 -118l-313 0 156 -414 157 414zm492 336l146 0 0 -791 212 0 0 -129 -570 0 0 129 212 0 0 791zm518 0l515 0 0 -130 -368 0 0 -272 363 0 0 -128 -363 0 0 -261 368 0 0 -129 -515 0 0 920zm1122 0l146 0 0 -791 126 0c66,0 117,5 157,30 48,32 78,93 78,155 0,60 -21,113 -63,151 -44,37 -121,39 -184,39l-33 0 253 416 155 0 -216 -342c71,-13 130,-35 178,-101 33,-48 52,-111 52,-175 0,-103 -46,-199 -122,-249 -49,-33 -123,-53 -267,-53l-260 0 0 920zm989 -218l393 0 87 218 160 0 -372 -920 -133 0 -378 920 159 0 84 -218zm354 -118l-314 0 156 -414 158 414zm491 336l146 0 0 -791 212 0 0 -129 -570 0 0 129 212 0 0 791zm518 0l515 0 0 -130 -368 0 0 -272 363 0 0 -128 -363 0 0 -261 368 0 0 -129 -515 0 0 920zm684 -273c2,178 119,290 302,290 197,0 297,-129 297,-278 0,-150 -107,-208 -221,-256 -148,-55 -216,-78 -216,-167 0,-78 64,-129 139,-129 106,0 128,79 138,129l144 0c-11,-189 -159,-254 -277,-254 -144,0 -291,94 -290,265 0,173 160,226 233,250 118,44 205,67 205,169 0,82 -71,147 -153,147 -49,0 -146,-27 -156,-166l-145 0zm1910 -7c-20,34 -106,168 -283,168 -194,0 -334,-158 -334,-350 0,-186 137,-346 332,-346 162,1 255,113 285,172l155 0c-44,-126 -191,-300 -438,-302 -285,0 -480,224 -480,476 0,262 204,479 481,479 209,0 379,-129 436,-297l-154 0zm351 280l471 0 0 -130 -325 0 0 -790 -146 0 0 920zm626 -920l0 574c-1,112 10,203 101,284 62,61 157,79 222,79 91,0 165,-31 219,-81 81,-67 101,-160 100,-282l0 -574 -146 0 0 574c0,60 0,111 -35,163 -24,42 -75,71 -139,71 -63,0 -114,-30 -141,-73 -34,-54 -34,-104 -34,-161l0 -574 -147 0zm879 920l270 0c113,0 168,-9 233,-54 70,-42 110,-119 111,-210 0,-41 -8,-176 -167,-227 65,-35 116,-96 116,-193 0,-73 -26,-146 -93,-187 -45,-32 -108,-49 -195,-49l-275 0 0 920zm147 -791l117 0c46,0 74,5 97,16 32,15 62,52 62,108 0,49 -16,89 -62,113 -26,13 -60,15 -93,15l-121 0 0 -252zm0 375l135 0c45,0 75,2 111,17 47,20 81,63 81,126 -1,70 -36,109 -81,129 -31,12 -68,14 -98,14l-148 0 0 -286z" />
                </svg>
            </div>
        </div>

    </app-root>

    <!-- Matomo -->
    <script>
        var _paq = window._paq = window._paq || [];
        /* tracker methods like "setCustomDimension" should be called before "trackPageView" */
        _paq.push(['requireConsent']);
        (function() {
        var u="//www.crc.ag/matomo/";
        _paq.push(['setTrackerUrl', u+'matomo.php']);
        _paq.push(['setSiteId', '1']);
        var d=document, g=d.createElement('script'), s=d.getElementsByTagName('script')[0];
        g.async=true; g.src=u+'matomo.js'; s.parentNode.insertBefore(g,s);
        })();
    </script>
    <!-- End Matomo Code -->

    <script src="/assets/js/imagesloaded.pkgd.min.js"></script>
<script type="text/javascript" src="runtime.ec2944dd8b20ec099bf3.js"></script><script type="text/javascript" src="polyfills.287590f2bdfb66dbd3ae.js"></script><script type="text/javascript" src="scripts.cd722ecd0aee79483669.js"></script><script type="text/javascript" src="main.0898f37aa4765063f118.js"></script></body>

</html>